1269.7440741062164,8,0.6918420575273834,0.24135854617233524,17.073545455932617,0.9800337553024292,0.13365815579891205
1269.7440741062164,1,0.7327550873561117,0.42770223573957566,11.993340492248535,0.20000000298023224,0.18000000715255737
1269.7440741062164,3,0.6909679017491067,0.2899937599651705,7.133059978485107,0.3647765815258026,0.2757169306278229
1270.7480499744415,8,0.6918265472407267,0.24049154718015137,17.073545455932617,0.9800337553024292,0.13365815579891205
1270.7480499744415,1,0.7327550873561117,0.42770223573957566,11.993340492248535,0.20000000298023224,0.18000000715255737
1270.7480499744415,3,0.6909679017491067,0.2899937599651705,7.133059978485107,0.3647765815258026,0.2757169306278229
1271.754063129425,8,0.6918265472407267,0.24049154718015137,16.546916961669922,0.9800337553024292,0.13365815579891205
1271.754063129425,1,0.7327550873561117,0.42770223573957566,11.993340492248535,0.20000000298023224,0.18000000715255737
1271.754063129425,3,0.6909679017491067,0.2899937599651705,7.133059978485107,0.3647765815258026,0.2757169306278229
1272.7464714050293,8,0.6909711346037954,0.24137373948485466,16.546916961669922,0.9800337553024292,0.13365815579891205
1272.7464714050293,1,0.7327550873561117,0.42770223573957566,11.993340492248535,0.20000000298023224,0.18000000715255737
1272.7464714050293,3,0.6909679017491067,0.2899937599651705,7.133059978485107,0.3647765815258026,0.2757169306278229
1273.7478840351105,8,0.6909711346037954,0.24137373948485466,16.546916961669922,0.9800337553024292,0.13365815579891205
1273.7478840351105,1,0.7327550873561117,0.42770223573957566,11.993340492248535,0.20000000298023224,0.18000000715255737
1273.7478840351105,3,0.6909679017491067,0.2899937599651705,7.133059978485107,0.3647765815258026,0.2757169306278229
1274.7502689361572,8,0.6909711346037954,0.24137373948485466,16.020288467407227,0.9800337553024292,0.13365815579891205
1274.7502689361572,1,0.7327550873561117,0.42770223573957566,11.993340492248535,0.20000000298023224,0.18000000715255737
1274.7502689361572,3,0.6909679017491067,0.2899937599651705,7.133059978485107,0.3647765815258026,0.2757169306278229
1275.754679441452,8,0.6909711346037954,0.24137373948485466,16.020288467407227,0.9800337553024292,0.13365815579891205
1275.754679441452,1,0.7327550873561117,0.42770223573957566,11.993340492248535,0.20000000298023224,0.18000000715255737
1275.754679441452,3,0.6909679017491067,0.2899937599651705,7.133059978485107,0.3647765815258026,0.2757169306278229
1276.7551038265228,8,0.6909711346037954,0.24137373948485466,15.50025463104248,0.9800337553024292,0.13365815579891205
1276.7551038265228,1,0.7327550873561117,0.42770223573957566,11.993340492248535,0.20000000298023224,0.18000000715255737
1276.7551038265228,3,0.6909679017491067,0.2899937599651705,7.133059978485107,0.3647765815258026,0.2757169306278229
1277.7500739097595,8,0.6909711346037954,0.24137373948485466,15.50025463104248,0.9800337553024292,0.13365815579891205
1277.7500739097595,1,0.7327550873561117,0.42770223573957566,11.993340492248535,0.20000000298023224,0.18000000715255737
1277.7500739097595,3,0.6909679017491067,0.2899937599651705,4.31306266784668,0.3647765815258026,0.2757169306278229
1278.7554483413696,8,0.6909711346037954,0.24137373948485466,15.50025463104248,0.9800337553024292,0.13365815579891205
1278.7554483413696,1,0.7327550873561117,0.42770223573957566,11.993340492248535,0.20000000298023224,0.18000000715255737
1278.7554483413696,3,0.6909679017491067,0.2899937599651705,4.31306266784668,0.3647765815258026,0.2757169306278229
1279.754917383194,8,0.6909711346037954,0.24137373948485466,14.980217933654785,0.9800337553024292,0.13365815579891205
1279.754917383194,1,0.7327550873561117,0.42770223573957566,11.993340492248535,0.20000000298023224,0.18000000715255737
1279.754917383194,3,0.6909679017491067,0.2899937599651705,4.31306266784668,0.3647765815258026,0.2757169306278229
1280.759868144989,8,0.6909711346037954,0.24137373948485466,14.980217933654785,0.9800337553024292,0.13365815579891205
1280.759868144989,1,0.7327550873561117,0.42770223573957566,11.993340492248535,0.20000000298023224,0.18000000715255737
1280.759868144989,3,0.6909679017491067,0.2899937599651705,4.31306266784668,0.3647765815258026,0.2757169306278229
1281.7543330192566,8,0.6909711346037954,0.24137373948485466,14.980217933654785,0.9800337553024292,0.13365815579891205
1281.7543330192566,1,0.7327550873561117,0.42770223573957566,11.993340492248535,0.20000000298023224,0.18000000715255737
1281.7543330192566,3,0.6909679017491067,0.2899937599651705,4.31306266784668,0.3647765815258026,0.2757169306278229
1282.7562489509583,8,0.6909711346037954,0.24137373948485466,14.246832847595215,0.9800337553024292,0.13365815579891205
1282.7562489509583,1,0.7327550873561117,0.42770223573957566,11.993340492248535,0.20000000298023224,0.18000000715255737
1282.7562489509583,3,0.6909679017491067,0.2899937599651705,4.31306266784668,0.3647765815258026,0.2757169306278229
1283.7601482868195,8,0.6909711346037954,0.24137373948485466,14.246832847595215,0.9800337553024292,0.13365815579891205
1283.7601482868195,1,0.7327550873561117,0.42770223573957566,11.993340492248535,0.20000000298023224,0.18000000715255737
1283.7601482868195,3,0.6909679017491067,0.2899937599651705,4.31306266784668,0.3647765815258026,0.2757169306278229
1284.7604727745056,8,0.6909711346037954,0.24137373948485466,14.246832847595215,0.9800337553024292,0.13365815579891205
1284.7604727745056,1,0.7327550873561117,0.42770223573957566,11.993340492248535,0.20000000298023224,0.18000000715255737
1284.7604727745056,3,0.6909679017491067,0.2899937599651705,4.31306266784668,0.3647765815258026,0.2757169306278229
1285.7543270587921,8,0.6909711346037954,0.24137373948485466,14.246832847595215,0.9800337553024292,0.13365815579891205
1285.7543270587921,1,0.7327550873561117,0.42770223573957566,11.993340492248535,0.20000000298023224,0.18000000715255737
1285.7543270587921,3,0.6900960305103074,0.29000987692708813,4.31306266784668,0.3647765815258026,0.2757169306278229
1286.7546498775482,8,0.6909711346037954,0.24137373948485466,14.246832847595215,0.9800337553024292,0.13365815579891205
1286.7546498775482,1,0.7327550873561117,0.42770223573957566,11.993340492248535,0.20000000298023224,0.18000000715255737
1286.7546498775482,3,0.6900960305103074,0.29000987692708813,4.31306266784668,0.3647765815258026,0.2757169306278229
1287.7649464607239,8,0.6909711346037954,0.24137373948485466,14.246832847595215,0.9800337553024292,0.13365815579891205
1287.7649464607239,1,0.7327550873561117,0.42770223573957566,11.993340492248535,0.20000000298023224,0.18000000715255737
1287.7649464607239,3,0.6909679017491067,0.2899937599651705,4.31306266784668,0.3647765815258026,0.2757169306278229
1288.7607893943787,8,0.6909711346037954,0.24137373948485466,12.973409652709961,0.9800337553024292,0.13365815579891205
1288.7607893943787,1,0.7327550873561117,0.42770223573957566,11.993340492248535,0.20000000298023224,0.18000000715255737
1288.7607893943787,3,0.6909679017491067,0.2899937599651705,2.159731388092041,0.3647765815258026,0.2757169306278229
1289.7621128559113,8,0.6909711346037954,0.24137373948485466,12.766728401184082,0.9800337553024292,0.13365815579891205
1289.7621128559113,1,0.7327550873561117,0.42770223573957566,11.993340492248535,0.20000000298023224,0.18000000715255737
1289.7621128559113,3,0.6900960305103074,0.29000987692708813,1.97306489944458,0.3647765815258026,0.2757169306278229
1290.7637736797333,8,0.6909711346037954,0.24137373948485466,12.553380012512207,0.9800337553024292,0.13365815579891205
1290.7637736797333,1,0.7327550873561117,0.42770223573957566,11.993340492248535,0.20000000298023224,0.18000000715255737
1290.7637736797333,3,0.6900960305103074,0.29000987692708813,1.8797316551208496,0.3647765815258026,0.2757169306278229
1291.7596340179443,8,0.6909711346037954,0.24137373948485466,12.553380012512207,0.9800337553024292,0.13365815579891205
1291.7596340179443,1,0.7327550873561117,0.42770223573957566,11.993340492248535,0.20000000298023224,0.18000000715255737
1291.7596340179443,3,0.6909679017491067,0.2899937599651705,1.8797316551208496,0.3647765815258026,0.2757169306278229
1292.7585725784302,8,0.6909711346037954,0.24137373948485466,12.553380012512207,0.9800337553024292,0.13365815579891205
1292.7585725784302,1,0.7327550873561117,0.42770223573957566,11.993340492248535,0.20000000298023224,0.18000000715255737
1292.7585725784302,3,0.6909679017491067,0.2899937599651705,1.4063987731933594,0.3647765815258026,0.2757169306278229
1293.7591967582703,8,0.6909711346037954,0.24137373948485466,11.926669120788574,0.9800337553024292,0.13365815579891205
1293.7591967582703,1,0.7327550873561117,0.42770223573957566,11.993340492248535,0.20000000298023224,0.18000000715255737
1293.7591967582703,3,0.6909679017491067,0.2899937599651705,1.2263989448547363,0.3647765815258026,0.2757169306278229
1294.765733718872,8,0.6909711346037954,0.24137373948485466,11.7133207321167,0.9800337553024292,0.13365815579891205
1294.765733718872,1,0.7327550873561117,0.42770223573957566,11.993340492248535,0.20000000298023224,0.18000000715255737
1294.765733718872,3,0.6909679017491067,0.2899937599651705,1.0397324562072754,0.3647765815258026,0.2757169306278229
1295.767592906952,8,0.6909711346037954,0.24137373948485466,11.606646537780762,0.9800337553024292,0.13365815579891205
1295.767592906952,1,0.7327550873561117,0.42770223573957566,11.993340492248535,0.20000000298023224,0.18000000715255737
1295.767592906952,3,0.6909679017491067,0.2899937599651705,1.0397324562072754,0.3647765815258026,0.2757169306278229
1296.7665333747864,8,0.6909711346037954,0.24137373948485466,11.606646537780762,0.9800337553024292,0.13365815579891205
1296.7665333747864,1,0.7327550873561117,0.42770223573957566,11.993340492248535,0.20000000298023224,0.18000000715255737
1296.7665333747864,3,0.6909679017491067,0.2899937599651705,1.0397324562072754,0.3647765815258026,0.2757169306278229
1297.7678813934326,8,0.6909711346037954,0.24137373948485466,11.606646537780762,0.9800337553024292,0.13365815579891205
1297.7678813934326,1,0.7327550873561117,0.42770223573957566,11.993340492248535,0.20000000298023224,0.18000000715255737
1297.7678813934326,3,0.6900960305103074,0.29000987692708813,1.0397324562072754,0.3647765815258026,0.2757169306278229
1298.762366771698,8,0.6909711346037954,0.24137373948485466,11.606646537780762,0.9800337553024292,0.13365815579891205
1298.762366771698,1,0.7327550873561117,0.42770223573957566,11.993340492248535,0.20000000298023224,0.18000000715255737
1298.762366771698,3,0.6909679017491067,0.2899937599651705,1.0397324562072754,0.3647765815258026,0.2757169306278229
1299.7682664394379,8,0.6909711346037954,0.24137373948485466,11.606646537780762,0.9800337553024292,0.13365815579891205
1299.7682664394379,1,0.7327550873561117,0.42770223573957566,11.993340492248535,0.20000000298023224,0.18000000715255737
1299.7682664394379,3,0.6909679017491067,0.2899937599651705,1.0397324562072754,0.3647765815258026,0.2757169306278229
1300.7702355384827,8,0.6909711346037954,0.24137373948485466,11.606646537780762,0.9800337553024292,0.13365815579891205
1300.7702355384827,1,0.7327550873561117,0.42770223573957566,11.993340492248535,0.20000000298023224,0.18000000715255737
1300.7702355384827,3,0.6900960305103074,0.29000987692708813,1.0397324562072754,0.3647765815258026,0.2757169306278229
1301.7689428329468,8,0.6909711346037954,0.24137373948485466,11.606646537780762,0.9800337553024292,0.13365815579891205
1301.7689428329468,1,0.7327550873561117,0.42770223573957566,11.993340492248535,0.20000000298023224,0.18000000715255737
1301.7689428329468,3,0.6900960305103074,0.29000987692708813,1.0397324562072754,0.3647765815258026,0.2757169306278229
1302.7700700759888,8,0.6909711346037954,0.24137373948485466,11.606646537780762,0.9800337553024292,0.13365815579891205
1302.7700700759888,1,0.7327550873561117,0.42770223573957566,11.993340492248535,0.20000000298023224,0.18000000715255737
1302.7700700759888,3,0.6900960305103074,0.29000987692708813,1.0397324562072754,0.3647765815258026,0.2757169306278229
1303.771095275879,8,0.6909711346037954,0.24137373948485466,11.606646537780762,0.9800337553024292,0.13365815579891205
1303.771095275879,1,0.7327550873561117,0.42770223573957566,11.993340492248535,0.20000000298023224,0.18000000715255737
1303.771095275879,3,0.6900960305103074,0.29000987692708813,1.0397324562072754,0.3647765815258026,0.2757169306278229
1304.7725274562836,8,0.6909711346037954,0.24137373948485466,9.726513862609863,0.9800337553024292,0.13365815579891205
1304.7725274562836,1,0.7327550873561117,0.42770223573957566,11.993340492248535,0.20000000298023224,0.18000000715255737
1304.7725274562836,3,0.6909679017491067,0.2899937599651705,1.0397324562072754,0.3647765815258026,0.2757169306278229
1305.7690031528473,8,0.6909711346037954,0.24137373948485466,9.726513862609863,0.9800337553024292,0.13365815579891205
1305.7690031528473,1,0.7327550873561117,0.42770223573957566,11.993340492248535,0.20000000298023224,0.18000000715255737
1305.7690031528473,3,0.6909679017491067,0.2899937599651705,1.0397324562072754,0.3647765815258026,0.2757169306278229
1306.7689318656921,8,0.6909711346037954,0.24137373948485466,9.726513862609863,0.9800337553024292,0.13365815579891205
1306.7689318656921,1,0.7327550873561117,0.42770223573957566,11.993340492248535,0.20000000298023224,0.18000000715255737
1306.7689318656921,3,0.6900960305103074,0.29000987692708813,1.0397324562072754,0.3647765815258026,0.2757169306278229
1307.7753138542175,8,0.6909711346037954,0.24137373948485466,8.993128776550293,0.9800337553024292,0.13365815579891205
1307.7753138542175,1,0.7327550873561117,0.42770223573957566,11.993340492248535,0.20000000298023224,0.18000000715255737
1307.7753138542175,3,0.6900960305103074,0.29000987692708813,1.0397324562072754,0.3647765815258026,0.2757169306278229
1308.7762088775635,8,0.6909711346037954,0.24137373948485466,8.993128776550293,0.9800337553024292,0.13365815579891205
1308.7762088775635,1,0.7327550873561117,0.42770223573957566,11.993340492248535,0.20000000298023224,0.18000000715255737
1308.7762088775635,3,0.6900960305103074,0.29000987692708813,1.0397324562072754,0.3647765815258026,0.2757169306278229
1309.7702369689941,8,0.6909711346037954,0.24137373948485466,8.993128776550293,0.9800337553024292,0.13365815579891205
1309.7702369689941,1,0.7327550873561117,0.42770223573957566,11.993340492248535,0.20000000298023224,0.18000000715255737
1309.7702369689941,3,0.6909679017491067,0.2899937599651705,1.0397324562072754,0.3647765815258026,0.2757169306278229
1310.7714500427246,8,0.6909711346037954,0.24137373948485466,8.36641788482666,0.9800337553024292,0.13365815579891205
1310.7714500427246,1,0.7327550873561117,0.42770223573957566,11.993340492248535,0.20000000298023224,0.18000000715255737
1310.7714500427246,3,0.6909679017491067,0.2899937599651705,1.0397324562072754,0.3647765815258026,0.2757169306278229
1311.7743728160858,8,0.6909711346037954,0.24137373948485466,8.36641788482666,0.9800337553024292,0.13365815579891205
1311.7743728160858,1,0.7327550873561117,0.42770223573957566,11.993340492248535,0.20000000298023224,0.18000000715255737
1311.7743728160858,3,0.6909679017491067,0.2899937599651705,1.0397324562072754,0.3647765815258026,0.2757169306278229
1312.7803361415863,8,0.6909711346037954,0.24137373948485466,7.94639253616333,0.9800337553024292,0.13365815579891205
1312.7803361415863,1,0.7327550873561117,0.42770223573957566,11.993340492248535,0.20000000298023224,0.18000000715255737
1312.7803361415863,3,0.6909679017491067,0.2899937599651705,1.0397324562072754,0.3647765815258026,0.2757169306278229
1313.7778053283691,8,0.6909711346037954,0.24137373948485466,7.94639253616333,0.9800337553024292,0.13365815579891205
1313.7778053283691,1,0.7327550873561117,0.42770223573957566,11.993340492248535,0.20000000298023224,0.18000000715255737
1313.7778053283691,3,0.6909679017491067,0.2899937599651705,1.0397324562072754,0.3647765815258026,0.2757169306278229
1314.7792706489563,8,0.6909711346037954,0.24137373948485466,7.94639253616333,0.9800337553024292,0.13365815579891205
1314.7792706489563,1,0.7327550873561117,0.42770223573957566,11.993340492248535,0.20000000298023224,0.18000000715255737
1314.7792706489563,3,0.6909679017491067,0.2899937599651705,1.0397324562072754,0.3647765815258026,0.2757169306278229
1315.777265071869,8,0.6909711346037954,0.24137373948485466,7.319726467132568,0.9800337553024292,0.13365815579891205
1315.777265071869,1,0.7327550873561117,0.42770223573957566,11.993340492248535,0.20000000298023224,0.18000000715255737
1315.777265071869,3,0.6909679017491067,0.2899937599651705,0.0,0.3647765815258026,0.2757169306278229
1316.7831542491913,8,0.6909711346037954,0.24137373948485466,7.319726467132568,0.9800337553024292,0.13365815579891205
1316.7831542491913,1,0.7327550873561117,0.42770223573957566,11.993340492248535,0.20000000298023224,0.18000000715255737
1316.7831542491913,3,0.6909679017491067,0.2899937599651705,0.0,0.3647765815258026,0.2757169306278229
1317.7825965881348,8,0.6909711346037954,0.24137373948485466,7.319726467132568,0.9800337553024292,0.13365815579891205
1317.7825965881348,1,0.7327550873561117,0.42770223573957566,11.993340492248535,0.20000000298023224,0.18000000715255737
1317.7825965881348,3,0.6909679017491067,0.2899937599651705,0.0,0.3647765815258026,0.2757169306278229
1318.7810707092285,8,0.6918420575273834,0.24135854617233524,6.793060302734375,0.9800337553024292,0.13365815579891205
1318.7810707092285,1,0.7327550873561117,0.42770223573957566,11.993340492248535,0.20000000298023224,0.18000000715255737
1318.7810707092285,3,0.6909679017491067,0.2899937599651705,19.733352661132812,0.9800337553024292,0.13365815579891205
1319.7815358638763,8,0.6918420575273834,0.24135854617233524,6.793060302734375,0.9800337553024292,0.13365815579891205
1319.7815358638763,1,0.7327550873561117,0.42770223573957566,11.993340492248535,0.20000000298023224,0.18000000715255737
1319.7815358638763,3,0.6909679017491067,0.2899937599651705,19.733352661132812,0.9800337553024292,0.13365815579891205
1320.7775259017944,8,0.6918420575273834,0.24135854617233524,6.793060302734375,0.9800337553024292,0.13365815579891205
1320.7775259017944,1,0.7327550873561117,0.42770223573957566,11.993340492248535,0.20000000298023224,0.18000000715255737
1320.7775259017944,3,0.6909679017491067,0.2899937599651705,19.733352661132812,0.9800337553024292,0.13365815579891205
1321.785415172577,8,0.6918420575273834,0.24135854617233524,6.059727668762207,0.9800337553024292,0.13365815579891205
1321.785415172577,1,0.7327550873561117,0.42770223573957566,11.993340492248535,0.20000000298023224,0.18000000715255737
1321.785415172577,3,0.6909679017491067,0.2899937599651705,19.080066680908203,0.9800337553024292,0.13365815579891205
1322.7843341827393,8,0.6918265472407267,0.24049154718015137,6.059727668762207,0.9800337553024292,0.13365815579891205
1322.7843341827393,1,0.7327550873561117,0.42770223573957566,11.993340492248535,0.20000000298023224,0.18000000715255737
1322.7843341827393,3,0.6909679017491067,0.2899937599651705,19.080066680908203,0.9800337553024292,0.13365815579891205
1323.78373837471,8,0.6909711346037954,0.24137373948485466,6.059727668762207,0.9800337553024292,0.13365815579891205
1323.78373837471,1,0.7327550873561117,0.42770223573957566,11.993340492248535,0.20000000298023224,0.18000000715255737
1323.78373837471,3,0.6909679017491067,0.2899937599651705,18.800086975097656,0.9800337553024292,0.13365815579891205
1324.7811481952667,8,0.6909711346037954,0.24137373948485466,6.059727668762207,0.9800337553024292,0.13365815579891205
1324.7811481952667,1,0.7327550873561117,0.42770223573957566,11.993340492248535,0.20000000298023224,0.18000000715255737
1324.7811481952667,3,0.6909679017491067,0.2899937599651705,18.52010726928711,0.9800337553024292,0.13365815579891205
1325.7866394519806,8,0.6918265472407267,0.24049154718015137,5.333061695098877,0.9800337553024292,0.13365815579891205
1325.7866394519806,1,0.7327550873561117,0.42770223573957566,11.993340492248535,0.20000000298023224,0.18000000715255737
1325.7866394519806,3,0.6909679017491067,0.2899937599651705,18.52010726928711,0.9800337553024292,0.13365815579891205
1326.7821152210236,8,0.6918265472407267,0.24049154718015137,5.333061695098877,0.9800337553024292,0.13365815579891205
1326.7821152210236,1,0.7327550873561117,0.42770223573957566,11.993340492248535,0.20000000298023224,0.18000000715255737
1326.7821152210236,3,0.6909679017491067,0.2899937599651705,18.146800994873047,0.9800337553024292,0.13365815579891205
1327.788548707962,8,0.6918420575273834,0.24135854617233524,5.333061695098877,0.9800337553024292,0.13365815579891205
1327.788548707962,1,0.7327550873561117,0.42770223573957566,11.993340492248535,0.20000000298023224,0.18000000715255737
1327.788548707962,3,0.6909679017491067,0.2899937599651705,18.146800994873047,0.9800337553024292,0.13365815579891205
1328.7870161533356,8,0.6918420575273834,0.24135854617233524,5.333061695098877,0.9800337553024292,0.13365815579891205
1328.7870161533356,1,0.7327550873561117,0.42770223573957566,11.993340492248535,0.20000000298023224,0.18000000715255737
1328.7870161533356,3,0.6909679017491067,0.2899937599651705,18.146800994873047,0.9800337553024292,0.13365815579891205
1329.7859907150269,8,0.6918420575273834,0.24135854617233524,5.333061695098877,0.9800337553024292,0.13365815579891205
1329.7859907150269,1,0.7327550873561117,0.42770223573957566,11.993340492248535,0.20000000298023224,0.18000000715255737
1329.7859907150269,3,0.6909679017491067,0.2899937599651705,18.146800994873047,0.9800337553024292,0.13365815579891205
1330.7975368499756,8,0.6918265472407267,0.24049154718015137,4.27972936630249,0.9800337553024292,0.13365815579891205
1330.7975368499756,1,0.7327550873561117,0.42770223573957566,11.993340492248535,0.20000000298023224,0.18000000715255737
1330.7975368499756,3,0.6909679017491067,0.2899937599651705,18.146800994873047,0.9800337553024292,0.13365815579891205
1331.7910497188568,8,0.6918265472407267,0.24049154718015137,4.066396236419678,0.9800337553024292,0.13365815579891205
1331.7910497188568,1,0.7327550873561117,0.42770223573957566,11.993340492248535,0.20000000298023224,0.18000000715255737
1331.7910497188568,3,0.6909679017491067,0.2899937599651705,17.300195693969727,0.9800337553024292,0.13365815579891205
1332.787519454956,8,0.6918265472407267,0.24049154718015137,4.066396236419678,0.9800337553024292,0.13365815579891205
1332.787519454956,1,0.7327550873561117,0.42770223573957566,11.993340492248535,0.20000000298023224,0.18000000715255737
1332.787519454956,3,0.6909679017491067,0.2899937599651705,17.300195693969727,0.9800337553024292,0.13365815579891205
1333.7835104465485,8,0.6918420575273834,0.24135854617233524,4.066396236419678,0.9800337553024292,0.13365815579891205
1333.7835104465485,1,0.7327550873561117,0.42770223573957566,11.993340492248535,0.20000000298023224,0.18000000715255737
1333.7835104465485,3,0.6909679017491067,0.2899937599651705,17.02021598815918,0.9800337553024292,0.13365815579891205
1334.7870223522186,8,0.6918420575273834,0.24135854617233524,16.83356285095215,0.9800337553024292,0.13365815579891205
1334.7870223522186,1,0.7327550873561117,0.42770223573957566,11.993340492248535,0.20000000298023224,0.18000000715255737
1334.7870223522186,3,0.6909679017491067,0.2899937599651705,17.02021598815918,0.9800337553024292,0.13365815579891205
1335.7919735908508,8,0.6918420575273834,0.24135854617233524,16.83356285095215,0.9800337553024292,0.13365815579891205
1335.7919735908508,1,0.7327550873561117,0.42770223573957566,11.993340492248535,0.20000000298023224,0.18000000715255737
1335.7919735908508,3,0.6909679017491067,0.2899937599651705,17.02021598815918,0.9800337553024292,0.13365815579891205
1336.7868995666504,8,0.6909711346037954,0.24137373948485466,3.126397132873535,0.9800337553024292,0.13365815579891205
1336.7868995666504,1,0.7327550873561117,0.42770223573957566,11.993340492248535,0.20000000298023224,0.18000000715255737
1336.7868995666504,3,0.6909679017491067,0.2899937599651705,16.36693000793457,0.9800337553024292,0.13365815579891205
1337.7893133163452,8,0.6909711346037954,0.24137373948485466,3.126397132873535,0.9800337553024292,0.13365815579891205
1337.7893133163452,1,0.7327550873561117,0.42770223573957566,11.993340492248535,0.20000000298023224,0.18000000715255737
1337.7893133163452,3,0.6909679017491067,0.2899937599651705,16.36693000793457,0.9800337553024292,0.13365815579891205
1338.7879328727722,8,0.6918420575273834,0.24135854617233524,3.126397132873535,0.9800337553024292,0.13365815579891205
1338.7879328727722,1,0.7327550873561117,0.42770223573957566,11.993340492248535,0.20000000298023224,0.18000000715255737
1338.7879328727722,3,0.6909679017491067,0.2899937599651705,16.086950302124023,0.9800337553024292,0.13365815579891205
1339.7960033416748,8,0.6918420575273834,0.24135854617233524,3.126397132873535,0.9800337553024292,0.13365815579891205
1339.7960033416748,1,0.7327550873561117,0.42770223573957566,11.993340492248535,0.20000000298023224,0.18000000715255737
1339.7960033416748,3,0.6909679017491067,0.2899937599651705,16.086950302124023,0.9800337553024292,0.13365815579891205
1340.788046836853,8,0.6918420575273834,0.24135854617233524,2.1797313690185547,0.9800337553024292,0.13365815579891205
1340.788046836853,1,0.7327550873561117,0.42770223573957566,11.993340492248535,0.20000000298023224,0.18000000715255737
1340.788046836853,3,0.6909679017491067,0.2899937599651705,16.086950302124023,0.9800337553024292,0.13365815579891205
1341.7915194034576,8,0.6909711346037954,0.24137373948485466,2.1797313690185547,0.9800337553024292,0.13365815579891205
1341.7915194034576,1,0.7327550873561117,0.42770223573957566,11.993340492248535,0.20000000298023224,0.18000000715255737
1341.7915194034576,3,0.6909679017491067,0.2899937599651705,16.086950302124023,0.9800337553024292,0.13365815579891205
1342.793978214264,8,0.6909711346037954,0.24137373948485466,2.1797313690185547,0.9800337553024292,0.13365815579891205
1342.793978214264,1,0.7327550873561117,0.42770223573957566,11.993340492248535,0.20000000298023224,0.18000000715255737
1342.793978214264,3,0.6909679017491067,0.2899937599651705,16.086950302124023,0.9800337553024292,0.13365815579891205
1343.7966187000275,8,0.6909711346037954,0.24137373948485466,2.1797313690185547,0.9800337553024292,0.13365815579891205
1343.7966187000275,1,0.7327550873561117,0.42770223573957566,11.993340492248535,0.20000000298023224,0.18000000715255737
1343.7966187000275,3,0.6909679017491067,0.2899937599651705,16.086950302124023,0.9800337553024292,0.13365815579891205
1344.793084859848,8,0.6909711346037954,0.24137373948485466,2.1797313690185547,0.9800337553024292,0.13365815579891205
1344.793084859848,1,0.7327550873561117,0.42770223573957566,11.993340492248535,0.20000000298023224,0.18000000715255737
1344.793084859848,3,0.6909679017491067,0.2899937599651705,16.086950302124023,0.9800337553024292,0.13365815579891205
1345.793025970459,8,0.6909711346037954,0.24137373948485466,2.1797313690185547,0.9800337553024292,0.13365815579891205
1345.793025970459,1,0.7327550873561117,0.42770223573957566,11.993340492248535,0.20000000298023224,0.18000000715255737
1345.793025970459,3,0.6909679017491067,0.2899937599651705,16.086950302124023,0.9800337553024292,0.13365815579891205
1346.7969007492065,8,0.6909711346037954,0.24137373948485466,1.0330657958984375,0.9800337553024292,0.13365815579891205
1346.7969007492065,1,0.7327550873561117,0.42770223573957566,11.993340492248535,0.20000000298023224,0.18000000715255737
1346.7969007492065,3,0.6909679017491067,0.2899937599651705,16.086950302124023,0.9800337553024292,0.13365815579891205
1347.7973926067352,8,0.6909711346037954,0.24137373948485466,0.7197327613830566,0.9800337553024292,0.13365815579891205
1347.7973926067352,1,0.7327550873561117,0.42770223573957566,11.993340492248535,0.20000000298023224,0.18000000715255737
1347.7973926067352,3,0.6909679017491067,0.2899937599651705,16.086950302124023,0.9800337553024292,0.13365815579891205
1348.7962684631348,8,0.6909711346037954,0.24137373948485466,0.7197327613830566,0.9800337553024292,0.13365815579891205
1348.7962684631348,1,0.7327550873561117,0.42770223573957566,11.993340492248535,0.20000000298023224,0.18000000715255737
1348.7962684631348,3,0.6900960305103074,0.29000987692708813,16.086950302124023,0.9800337553024292,0.13365815579891205
1349.797291278839,8,0.6909711346037954,0.24137373948485466,0.7197327613830566,0.9800337553024292,0.13365815579891205
1349.797291278839,1,0.7327550873561117,0.42770223573957566,11.993340492248535,0.20000000298023224,0.18000000715255737
1349.797291278839,3,0.6909679017491067,0.2899937599651705,16.086950302124023,0.9800337553024292,0.13365815579891205
1350.7947390079498,8,0.6909711346037954,0.24137373948485466,0.7197327613830566,0.9800337553024292,0.13365815579891205
1350.7947390079498,1,0.7327550873561117,0.42770223573957566,11.993340492248535,0.20000000298023224,0.18000000715255737
1350.7947390079498,3,0.6909679017491067,0.2899937599651705,16.086950302124023,0.9800337553024292,0.13365815579891205
1351.7981595993042,8,0.6909711346037954,0.24137373948485466,0.7197327613830566,0.9800337553024292,0.13365815579891205
1351.7981595993042,1,0.7327550873561117,0.42770223573957566,11.993340492248535,0.20000000298023224,0.18000000715255737
1351.7981595993042,3,0.6900960305103074,0.29000987692708813,13.553450584411621,0.9800337553024292,0.13365815579891205
1352.8009667396545,8,0.6909711346037954,0.24137373948485466,0.7197327613830566,0.9800337553024292,0.13365815579891205
1352.8009667396545,1,0.7327550873561117,0.42770223573957566,11.993340492248535,0.20000000298023224,0.18000000715255737
1352.8009667396545,3,0.6909679017491067,0.2899937599651705,13.553450584411621,0.9800337553024292,0.13365815579891205
1353.8024363517761,8,0.6909711346037954,0.24137373948485466,0.7197327613830566,0.9800337553024292,0.13365815579891205
1353.8024363517761,1,0.7327550873561117,0.42770223573957566,11.993340492248535,0.20000000298023224,0.18000000715255737
1353.8024363517761,3,0.6909679017491067,0.2899937599651705,13.553450584411621,0.9800337553024292,0.13365815579891205
1354.794465303421,8,0.6909711346037954,0.24137373948485466,0.7197327613830566,0.9800337553024292,0.13365815579891205
1354.794465303421,1,0.7327550873561117,0.42770223573957566,11.993340492248535,0.20000000298023224,0.18000000715255737
1354.794465303421,3,0.6900960305103074,0.29000987692708813,12.99341106414795,0.9800337553024292,0.13365815579891205
1355.798458814621,8,0.6909711346037954,0.24137373948485466,0.7197327613830566,0.9800337553024292,0.13365815579891205
1355.798458814621,1,0.7327550873561117,0.42770223573957566,11.993340492248535,0.20000000298023224,0.18000000715255737
1355.798458814621,3,0.6900960305103074,0.29000987692708813,12.99341106414795,0.9800337553024292,0.13365815579891205
1356.7993078231812,8,0.6909711346037954,0.24137373948485466,0.7197327613830566,0.9800337553024292,0.13365815579891205
1356.7993078231812,1,0.7327550873561117,0.42770223573957566,11.993340492248535,0.20000000298023224,0.18000000715255737
1356.7993078231812,3,0.6900960305103074,0.29000987692708813,12.713391304016113,0.9800337553024292,0.13365815579891205
1357.802715063095,8,0.6909711346037954,0.24137373948485466,0.7197327613830566,0.9800337553024292,0.13365815579891205
1357.802715063095,1,0.7327550873561117,0.42770223573957566,11.993340492248535,0.20000000298023224,0.18000000715255737
1357.802715063095,3,0.6900960305103074,0.29000987692708813,12.713391304016113,0.9800337553024292,0.13365815579891205
1358.8002200126648,8,0.6909711346037954,0.24137373948485466,0.0,0.9800337553024292,0.13365815579891205
1358.8002200126648,1,0.7327550873561117,0.42770223573957566,11.993340492248535,0.20000000298023224,0.18000000715255737
1358.8002200126648,3,0.6900960305103074,0.29000987692708813,12.713391304016113,0.9800337553024292,0.13365815579891205
1359.7986342906952,8,0.6909711346037954,0.24137373948485466,19.9666690826416,0.09080791473388672,0.2599177360534668
1359.7986342906952,1,0.7327550873561117,0.42770223573957566,11.993340492248535,0.20000000298023224,0.18000000715255737
1359.7986342906952,3,0.6900960305103074,0.29000987692708813,12.300028800964355,0.9800337553024292,0.13365815579891205
1360.8021731376648,8,0.6909711346037954,0.24137373948485466,19.9666690826416,0.09080791473388672,0.2599177360534668
1360.8021731376648,1,0.7327550873561117,0.42770223573957566,11.993340492248535,0.20000000298023224,0.18000000715255737
1360.8021731376648,3,0.6900960305103074,0.29000987692708813,12.02000904083252,0.9800337553024292,0.13365815579891205
1361.8026764392853,8,0.6909711346037954,0.24137373948485466,19.9666690826416,0.09080791473388672,0.2599177360534668
1361.8026764392853,1,0.7327550873561117,0.42770223573957566,11.993340492248535,0.20000000298023224,0.18000000715255737
1361.8026764392853,3,0.6900960305103074,0.29000987692708813,12.02000904083252,0.9800337553024292,0.13365815579891205
1362.8055968284607,8,0.6909711346037954,0.24137373948485466,19.240055084228516,0.09080791473388672,0.2599177360534668
1362.8055968284607,1,0.7327550873561117,0.42770223573957566,11.993340492248535,0.20000000298023224,0.18000000715255737
1362.8055968284607,3,0.6900960305103074,0.29000987692708813,11.739989280700684,0.9800337553024292,0.13365815579891205
1363.8052480220795,8,0.6909711346037954,0.24137373948485466,19.240055084228516,0.09080791473388672,0.2599177360534668
1363.8052480220795,1,0.7327550873561117,0.42770223573957566,11.993340492248535,0.20000000298023224,0.18000000715255737
1363.8052480220795,3,0.6900960305103074,0.29000987692708813,11.739989280700684,0.9800337553024292,0.13365815579891205
1364.8061833381653,8,0.6909711346037954,0.24137373948485466,18.813419342041016,0.09080791473388672,0.2599177360534668
1364.8061833381653,1,0.7327550873561117,0.42770223573957566,11.993340492248535,0.20000000298023224,0.18000000715255737
1364.8061833381653,3,0.6909679017491067,0.2899937599651705,11.266622543334961,0.9800337553024292,0.13365815579891205
1365.804800748825,8,0.6909711346037954,0.24137373948485466,18.70676040649414,0.09080791473388672,0.2599177360534668
1365.804800748825,1,0.7327550873561117,0.42770223573957566,11.993340492248535,0.20000000298023224,0.18000000715255737
1365.804800748825,3,0.6909679017491067,0.2899937599651705,11.266622543334961,0.9800337553024292,0.13365815579891205
1366.806744337082,8,0.6909711346037954,0.24137373948485466,18.70676040649414,0.09080791473388672,0.2599177360534668
1366.806744337082,1,0.7327550873561117,0.42770223573957566,11.993340492248535,0.20000000298023224,0.18000000715255737
1366.806744337082,3,0.6909679017491067,0.2899937599651705,11.266622543334961,0.9800337553024292,0.13365815579891205
1367.80517411232,8,0.6909711346037954,0.24137373948485466,18.186798095703125,0.09080791473388672,0.2599177360534668
1367.80517411232,1,0.7327550873561117,0.42770223573957566,11.993340492248535,0.20000000298023224,0.18000000715255737
1367.80517411232,3,0.6909679017491067,0.2899937599651705,10.799922943115234,0.9800337553024292,0.13365815579891205
1368.8126134872437,8,0.6909711346037954,0.24137373948485466,18.186798095703125,0.09080791473388672,0.2599177360534668
1368.8126134872437,1,0.7327550873561117,0.42770223573957566,11.993340492248535,0.20000000298023224,0.18000000715255737
1368.8126134872437,3,0.6909679017491067,0.2899937599651705,10.799922943115234,0.9800337553024292,0.13365815579891205
1369.8140742778778,8,0.6909711346037954,0.24137373948485466,17.766828536987305,0.09080791473388672,0.2599177360534668
1369.8140742778778,1,0.7327550873561117,0.42770223573957566,11.993340492248535,0.20000000298023224,0.18000000715255737
1369.8140742778778,3,0.6909679017491067,0.2899937599651705,10.426563262939453,0.9800337553024292,0.13365815579891205
1370.8095135688782,8,0.6909711346037954,0.24137373948485466,17.766828536987305,0.09080791473388672,0.2599177360534668
1370.8095135688782,1,0.7327550873561117,0.42770223573957566,11.993340492248535,0.20000000298023224,0.18000000715255737
1370.8095135688782,3,0.6909679017491067,0.2899937599651705,10.426563262939453,0.9800337553024292,0.13365815579891205
1371.8109674453735,8,0.6918420575273834,0.24135854617233524,17.346858978271484,0.09080791473388672,0.2599177360534668
1371.8109674453735,1,0.7327550873561117,0.42770223573957566,11.993340492248535,0.20000000298023224,0.18000000715255737
1371.8109674453735,3,0.6909679017491067,0.2899937599651705,10.426563262939453,0.9800337553024292,0.13365815579891205
1372.8188350200653,8,0.6909711346037954,0.24137373948485466,17.346858978271484,0.09080791473388672,0.2599177360534668
1372.8188350200653,1,0.7327550873561117,0.42770223573957566,11.993340492248535,0.20000000298023224,0.18000000715255737
1372.8188350200653,3,0.6909679017491067,0.2899937599651705,10.426563262939453,0.9800337553024292,0.13365815579891205
1373.809775352478,8,0.6918420575273834,0.24135854617233524,17.03354835510254,0.09080791473388672,0.2599177360534668
1373.809775352478,1,0.7327550873561117,0.42770223573957566,11.993340492248535,0.20000000298023224,0.18000000715255737
1373.809775352478,3,0.6909679017491067,0.2899937599651705,10.426563262939453,0.9800337553024292,0.13365815579891205
1374.8146300315857,8,0.6918420575273834,0.24135854617233524,17.03354835510254,0.09080791473388672,0.2599177360534668
1374.8146300315857,1,0.7327550873561117,0.42770223573957566,11.993340492248535,0.20000000298023224,0.18000000715255737
1374.8146300315857,3,0.6909679017491067,0.2899937599651705,10.426563262939453,0.9800337553024292,0.13365815579891205
1375.8100852966309,8,0.6909711346037954,0.24137373948485466,16.506919860839844,0.09080791473388672,0.2599177360534668
1375.8100852966309,1,0.7327550873561117,0.42770223573957566,11.993340492248535,0.20000000298023224,0.18000000715255737
1375.8100852966309,3,0.6909679017491067,0.2899937599651705,10.426563262939453,0.9800337553024292,0.13365815579891205
1376.8115241527557,8,0.6909711346037954,0.24137373948485466,16.506919860839844,0.09080791473388672,0.2599177360534668
1376.8115241527557,1,0.7327550873561117,0.42770223573957566,11.993340492248535,0.20000000298023224,0.18000000715255737
1376.8115241527557,3,0.6909679017491067,0.2899937599651705,9.106470108032227,0.9800337553024292,0.13365815579891205
1377.8104846477509,8,0.6918420575273834,0.24135854617233524,16.506919860839844,0.09080791473388672,0.2599177360534668
1377.8104846477509,1,0.7327550873561117,0.42770223573957566,11.993340492248535,0.20000000298023224,0.18000000715255737
1377.8104846477509,3,0.6909679017491067,0.2899937599651705,8.82645034790039,0.9800337553024292,0.13365815579891205
1378.815365076065,8,0.6909711346037954,0.24137373948485466,16.506919860839844,0.09080791473388672,0.2599177360534668
1378.815365076065,1,0.7327550873561117,0.42770223573957566,11.993340492248535,0.20000000298023224,0.18000000715255737
1378.815365076065,3,0.6909679017491067,0.2899937599651705,8.82645034790039,0.9800337553024292,0.13365815579891205
1379.816794872284,8,0.6909711346037954,0.24137373948485466,16.506919860839844,0.09080791473388672,0.2599177360534668
1379.816794872284,1,0.7327550873561117,0.42770223573957566,11.993340492248535,0.20000000298023224,0.18000000715255737
1379.816794872284,3,0.6909679017491067,0.2899937599651705,8.539763450622559,0.9800337553024292,0.13365815579891205
1380.8256921768188,8,0.6909711346037954,0.24137373948485466,16.506919860839844,0.09080791473388672,0.2599177360534668
1380.8256921768188,1,0.7327550873561117,0.42770223573957566,11.993340492248535,0.20000000298023224,0.18000000715255737
1380.8256921768188,3,0.6909679017491067,0.2899937599651705,8.259743690490723,0.9800337553024292,0.13365815579891205
1381.8156762123108,8,0.6909711346037954,0.24137373948485466,16.506919860839844,0.09080791473388672,0.2599177360534668
1381.8156762123108,1,0.7327550873561117,0.42770223573957566,11.993340492248535,0.20000000298023224,0.18000000715255737
1381.8156762123108,3,0.6909679017491067,0.2899937599651705,8.259743690490723,0.9800337553024292,0.13365815579891205
1382.813592672348,8,0.6918420575273834,0.24135854617233524,15.146896362304688,0.09080791473388672,0.2599177360534668
1382.813592672348,1,0.7327550873561117,0.42770223573957566,11.993340492248535,0.20000000298023224,0.18000000715255737
1382.813592672348,3,0.6909679017491067,0.2899937599651705,8.259743690490723,0.9800337553024292,0.13365815579891205
1383.8196241855621,8,0.6909711346037954,0.24137373948485466,15.146896362304688,0.09080791473388672,0.2599177360534668
1383.8196241855621,1,0.7327550873561117,0.42770223573957566,11.993340492248535,0.20000000298023224,0.18000000715255737
1383.8196241855621,3,0.6909679017491067,0.2899937599651705,8.259743690490723,0.9800337553024292,0.13365815579891205
1384.8215248584747,8,0.6909711346037954,0.24137373948485466,14.620192527770996,0.09080791473388672,0.2599177360534668
1384.8215248584747,1,0.7327550873561117,0.42770223573957566,11.993340492248535,0.20000000298023224,0.18000000715255737
1384.8215248584747,3,0.6909679017491067,0.2899937599651705,7.506392955780029,0.9800337553024292,0.13365815579891205
1385.8215162754059,8,0.6918265472407267,0.24049154718015137,14.513518333435059,0.09080791473388672,0.2599177360534668
1385.8215162754059,1,0.7327550873561117,0.42770223573957566,11.993340492248535,0.20000000298023224,0.18000000715255737
1385.8215162754059,3,0.6909679017491067,0.2899937599651705,7.506392955780029,0.9800337553024292,0.13365815579891205
1386.8188984394073,8,0.6918265472407267,0.24049154718015137,14.513518333435059,0.09080791473388672,0.2599177360534668
1386.8188984394073,1,0.7327550873561117,0.42770223573957566,11.993340492248535,0.20000000298023224,0.18000000715255737
1386.8188984394073,3,0.6909679017491067,0.2899937599651705,7.506392955780029,0.9800337553024292,0.13365815579891205
1387.8198177814484,8,0.6918265472407267,0.24049154718015137,14.513518333435059,0.09080791473388672,0.2599177360534668
1387.8198177814484,1,0.7327550873561117,0.42770223573957566,11.993340492248535,0.20000000298023224,0.18000000715255737
1387.8198177814484,3,0.6909679017491067,0.2899937599651705,7.506392955780029,0.9800337553024292,0.13365815579891205
1388.8217158317566,8,0.6918265472407267,0.24049154718015137,14.513518333435059,0.09080791473388672,0.2599177360534668
1388.8217158317566,1,0.7327550873561117,0.42770223573957566,11.993340492248535,0.20000000298023224,0.18000000715255737
1388.8217158317566,3,0.6909523909866231,0.28912493624245483,7.506392955780029,0.9800337553024292,0.13365815579891205
1389.8192756175995,8,0.6918420575273834,0.24135854617233524,14.513518333435059,0.09080791473388672,0.2599177360534668
1389.8192756175995,1,0.7327550873561117,0.42770223573957566,11.993340492248535,0.20000000298023224,0.18000000715255737
1389.8192756175995,3,0.6909679017491067,0.2899937599651705,7.506392955780029,0.9800337553024292,0.13365815579891205
1390.825186252594,8,0.6918420575273834,0.24135854617233524,13.360103607177734,0.09080791473388672,0.2599177360534668
1390.825186252594,1,0.7327550873561117,0.42770223573957566,11.993340492248535,0.20000000298023224,0.18000000715255737
1390.825186252594,3,0.6909679017491067,0.2899937599651705,7.506392955780029,0.9800337553024292,0.13365815579891205
1391.8221106529236,8,0.6918420575273834,0.24135854617233524,13.360103607177734,0.09080791473388672,0.2599177360534668
1391.8221106529236,1,0.7327550873561117,0.42770223573957566,11.993340492248535,0.20000000298023224,0.18000000715255737
1391.8221106529236,3,0.6909679017491067,0.2899937599651705,7.506392955780029,0.9800337553024292,0.13365815579891205
1392.8280103206635,8,0.6918420575273834,0.24135854617233524,13.360103607177734,0.09080791473388672,0.2599177360534668
1392.8280103206635,1,0.7327550873561117,0.42770223573957566,11.993340492248535,0.20000000298023224,0.18000000715255737
1392.8280103206635,3,0.6909679017491067,0.2899937599651705,7.506392955780029,0.9800337553024292,0.13365815579891205
1393.827581167221,8,0.6918420575273834,0.24135854617233524,13.360103607177734,0.09080791473388672,0.2599177360534668
1393.827581167221,1,0.7327550873561117,0.42770223573957566,11.993340492248535,0.20000000298023224,0.18000000715255737
1393.827581167221,3,0.6909679017491067,0.2899937599651705,7.506392955780029,0.9800337553024292,0.13365815579891205
1394.8280038833618,8,0.6918420575273834,0.24135854617233524,13.360103607177734,0.09080791473388672,0.2599177360534668
1394.8280038833618,1,0.7327550873561117,0.42770223573957566,11.993340492248535,0.20000000298023224,0.18000000715255737
1394.8280038833618,3,0.6909679017491067,0.2899937599651705,7.506392955780029,0.9800337553024292,0.13365815579891205
1395.8296916484833,8,0.6918420575273834,0.24135854617233524,13.360103607177734,0.09080791473388672,0.2599177360534668
1395.8296916484833,1,0.7327550873561117,0.42770223573957566,11.993340492248535,0.20000000298023224,0.18000000715255737
1395.8296916484833,3,0.6909679017491067,0.2899937599651705,7.506392955780029,0.9800337553024292,0.13365815579891205
1396.8258383274078,8,0.6918420575273834,0.24135854617233524,12.220023155212402,0.09080791473388672,0.2599177360534668
1396.8258383274078,1,0.7327550873561117,0.42770223573957566,11.993340492248535,0.20000000298023224,0.18000000715255737
1396.8258383274078,3,0.6909679017491067,0.2899937599651705,7.506392955780029,0.9800337553024292,0.13365815579891205
1397.8297185897827,8,0.6918420575273834,0.24135854617233524,11.90000057220459,0.09080791473388672,0.2599177360534668
1397.8297185897827,1,0.7327550873561117,0.42770223573957566,11.993340492248535,0.20000000298023224,0.18000000715255737
1397.8297185897827,3,0.6909679017491067,0.2899937599651705,7.506392955780029,0.9800337553024292,0.13365815579891205
1398.8297011852264,8,0.6918420575273834,0.24135854617233524,11.90000057220459,0.09080791473388672,0.2599177360534668
1398.8297011852264,1,0.7327550873561117,0.42770223573957566,11.993340492248535,0.20000000298023224,0.18000000715255737
1398.8297011852264,3,0.6909679017491067,0.2899937599651705,7.506392955780029,0.9800337553024292,0.13365815579891205
1399.8311347961426,8,0.6918420575273834,0.24135854617233524,11.579977989196777,0.09080791473388672,0.2599177360534668
1399.8311347961426,1,0.7327550873561117,0.42770223573957566,11.993340492248535,0.20000000298023224,0.18000000715255737
1399.8311347961426,3,0.6909679017491067,0.2899937599651705,7.506392955780029,0.9800337553024292,0.13365815579891205
1400.8305706977844,8,0.6918420575273834,0.24135854617233524,11.579977989196777,0.09080791473388672,0.2599177360534668
1400.8305706977844,1,0.7327550873561117,0.42770223573957566,11.993340492248535,0.20000000298023224,0.18000000715255737
1400.8305706977844,3,0.6909679017491067,0.2899937599651705,7.506392955780029,0.9800337553024292,0.13365815579891205
1401.8316090106964,8,0.6918420575273834,0.24135854617233524,11.579977989196777,0.09080791473388672,0.2599177360534668
1401.8316090106964,1,0.7327550873561117,0.42770223573957566,11.993340492248535,0.20000000298023224,0.18000000715255737
1401.8316090106964,3,0.6909679017491067,0.2899937599651705,4.319729328155518,0.9800337553024292,0.13365815579891205
1402.8296177387238,8,0.6918265472407267,0.24049154718015137,11.579977989196777,0.09080791473388672,0.2599177360534668
1402.8296177387238,1,0.7327550873561117,0.42770223573957566,11.993340492248535,0.20000000298023224,0.18000000715255737
1402.8296177387238,3,0.6909679017491067,0.2899937599651705,4.319729328155518,0.9800337553024292,0.13365815579891205
1403.8360347747803,8,0.6918265472407267,0.24049154718015137,10.639911651611328,0.09080791473388672,0.2599177360534668
1403.8360347747803,1,0.7327550873561117,0.42770223573957566,11.993340492248535,0.20000000298023224,0.18000000715255737
1403.8360347747803,3,0.6909679017491067,0.2899937599651705,4.039729595184326,0.9800337553024292,0.13365815579891205
1404.8300850391388,8,0.6918265472407267,0.24049154718015137,10.639911651611328,0.09080791473388672,0.2599177360534668
1404.8300850391388,1,0.7327550873561117,0.42770223573957566,11.993340492248535,0.20000000298023224,0.18000000715255737
1404.8300850391388,3,0.6909679017491067,0.2899937599651705,4.039729595184326,0.9800337553024292,0.13365815579891205
